12.0 20.0

24 71.0 2310
2	2	0.11
3	18	0.11
4	56	0.76
5	127	0.76
6	240	0.76
7	400	0.76
8	626	0.76
9	892	0.76
10	1223	0.76
11	1590	0.76
12	1900	0.76
13	2080	0.68
14	2230	0.48
15	2300	0.37
16	2310	0.30
17	2310	0.24
18	2310	0.20
19	2310	0.17
20	2310	0.15
21	2310	0.13
22	2310	0.11
23	2310	0.10
24	2310	0.09
25	2310	0.08

10
228.253 2655.158
228.080 2654.698
227.918 2654.248
229.655 2655.623
229.472 2655.623
229.286 2655.623
229.103 2655.619
228.919 2655.618
228.737 2655.615
228.550 2655.614
